{
  "advancedEditorSelectedIdentifier" : "ProjectBrowser",
  "openSceneRelativePaths" : [
    "ExAdv01.usda"
  ],
  "recentIdentifiers" : {
    "82DC4AF2-611D-459F-AA26-C8D1681990F4" : [

    ],
    "ACAC4535-8279-450C-8A52-4EA9A007CD4E" : [

    ]
  },
  "sceneCameraHistory" : {
    "82DC4AF2-611D-459F-AA26-C8D1681990F4" : [
      {
        "date" : 752314950.863024,
        "title" : "Untitled",
        "transform" : [
          0.98601145,
          -1.6670636e-08,
          0.16667777,
          0,
          -0.014658286,
          0.99612546,
          0.08671416,
          0,
          -0.1660319,
          -0.08794434,
          0.9821911,
          0,
          -0.09395535,
          0.034128774,
          1.1914798,
          1
        ]
      },
      {
        "date" : 752314880.169762,
        "title" : "Untitled",
        "transform" : [
          0.99382085,
          -1.5651887e-08,
          0.110996164,
          0,
          0.008244465,
          0.9972376,
          -0.07381729,
          0,
          -0.110689506,
          0.0742763,
          0.99107563,
          0,
          -0.024489257,
          0.22616717,
          1.173825,
          1
        ]
      },
      {
        "date" : 752314864.59808,
        "title" : "Untitled",
        "transform" : [
          0.951516,
          -1.5916465e-08,
          0.30759934,
          0,
          0.05670885,
          0.9828589,
          -0.1754207,
          0,
          -0.30232668,
          0.18435924,
          0.9352059,
          0,
          -0.24892971,
          0.35438555,
          1.1144781,
          1
        ]
      },
      {
        "date" : 752314855.725349,
        "title" : "Untitled",
        "transform" : [
          0.41407105,
          -1.5720735e-08,
          0.9102446,
          0,
          0.13609861,
          0.988759,
          -0.061911285,
          0,
          -0.9000123,
          0.1495187,
          0.40941647,
          0,
          -1.0018404,
          0.3139924,
          0.5721377,
          1
        ]
      },
      {
        "date" : 752314811.746359,
        "title" : "Untitled",
        "transform" : [
          0.6469219,
          -1.6231457e-08,
          0.76255614,
          0,
          0.03559649,
          0.99890995,
          -0.03019852,
          0,
          -0.761725,
          0.046680447,
          0.64621675,
          0,
          -0.8275334,
          0.1937571,
          0.8409894,
          1
        ]
      },
      {
        "date" : 752314784.064733,
        "title" : "Untitled",
        "transform" : [
          0.9958298,
          -1.1672881e-08,
          0.091229856,
          0,
          0.0029930733,
          0.9994617,
          -0.03267029,
          0,
          -0.09118082,
          0.032807145,
          0.9952938,
          0,
          -0.0012838147,
          0.1181026,
          0.78708696,
          1
        ]
      },
      {
        "date" : 752313940.359779,
        "title" : "Untitled",
        "transform" : [
          0.9997881,
          -1.1703185e-08,
          -0.020582901,
          0,
          0.00097070466,
          0.9988875,
          0.047146562,
          0,
          0.02055995,
          -0.04715651,
          0.99867594,
          0,
          0.08677929,
          0.055096213,
          0.78923374,
          1
        ]
      },
      {
        "date" : 752313887.996773,
        "title" : "Untitled",
        "transform" : [
          0.99837154,
          -1.1700813e-08,
          0.057046138,
          0,
          -0.0016285647,
          0.99959236,
          0.028503219,
          0,
          -0.057022937,
          -0.028549656,
          0.9979646,
          0,
          0.025352603,
          0.06981186,
          0.79242647,
          1
        ]
      },
      {
        "date" : 752313874.918722,
        "title" : "Untitled",
        "transform" : [
          0.9972119,
          -1.18901795e-08,
          0.074621625,
          0,
          -0.023304459,
          0.94998264,
          0.31143206,
          0,
          -0.070889324,
          -0.31230274,
          0.947334,
          0,
          0.012351482,
          -0.15818852,
          0.779923,
          1
        ]
      },
      {
        "date" : 752313873.369439,
        "title" : "Untitled",
        "transform" : [
          0.99702495,
          -1.1394123e-08,
          -0.07707892,
          0,
          -0.0073043588,
          0.9954996,
          -0.09448386,
          0,
          0.07673198,
          0.094765835,
          0.992538,
          0,
          0.13004886,
          0.16652949,
          0.7673404,
          1
        ]
      }
    ],
    "ACAC4535-8279-450C-8A52-4EA9A007CD4E" : [
      {
        "date" : 749312175.842336,
        "title" : "Untitled",
        "transform" : [
          0.85369796,
          -5.150211e-09,
          0.5207683,
          0,
          0.051623367,
          0.9950745,
          -0.08462643,
          0,
          -0.5182032,
          0.09912923,
          0.84949315,
          0,
          -0.39165217,
          0.10139797,
          0.3371244,
          1
        ]
      },
      {
        "date" : 749301445.418735,
        "title" : "Untitled",
        "transform" : [
          0.7363221,
          1.7492405e-09,
          0.67663115,
          0,
          -0.038660366,
          0.9983663,
          0.042070903,
          0,
          -0.6755257,
          -0.057136547,
          0.7351192,
          0,
          -0.4562881,
          0.023531776,
          0.261865,
          1
        ]
      },
      {
        "date" : 749301440.417032,
        "title" : "Untitled",
        "transform" : [
          0.7363221,
          1.7492405e-09,
          0.67663115,
          0,
          -0.038660366,
          0.9983663,
          0.042070903,
          0,
          -0.6755257,
          -0.057136547,
          0.7351192,
          0,
          -0.47954637,
          -0.041362025,
          0.23544832,
          1
        ]
      },
      {
        "date" : 749301438.77042,
        "title" : "Untitled",
        "transform" : [
          0.7363221,
          1.7492405e-09,
          0.67663115,
          0,
          -0.038660366,
          0.9983663,
          0.042070903,
          0,
          -0.6755257,
          -0.057136547,
          0.7351192,
          0,
          -0.48364887,
          -0.041715875,
          0.23746257,
          1
        ]
      },
      {
        "date" : 749301429.92811,
        "title" : "Untitled",
        "transform" : [
          0.7363221,
          1.7492405e-09,
          0.67663115,
          0,
          -0.038660366,
          0.9983663,
          0.042070903,
          0,
          -0.6755257,
          -0.057136547,
          0.7351192,
          0,
          -0.35626346,
          -0.008688533,
          0.388548,
          1
        ]
      },
      {
        "date" : 749301426.394829,
        "title" : "Untitled",
        "transform" : [
          0.7363221,
          1.7492405e-09,
          0.67663115,
          0,
          -0.038660366,
          0.9983663,
          0.042070903,
          0,
          -0.6755257,
          -0.057136547,
          0.7351192,
          0,
          -0.35626346,
          -0.008688533,
          0.388548,
          1
        ]
      },
      {
        "date" : 749301419.223626,
        "title" : "Untitled",
        "transform" : [
          0.9382678,
          -1.7557156e-10,
          0.3459096,
          0,
          -0.030112686,
          0.99620366,
          0.08167962,
          0,
          -0.3445964,
          -0.08705362,
          0.9347058,
          0,
          -0.18161917,
          -0.024495376,
          0.49435198,
          1
        ]
      },
      {
        "date" : 749301413.68389,
        "title" : "Untitled",
        "transform" : [
          0.915817,
          9.652028e-12,
          0.40159574,
          0,
          0.0051616775,
          0.99991745,
          -0.011770922,
          0,
          -0.4015626,
          0.012852918,
          0.91574144,
          0,
          -0.0745155,
          0.009969849,
          0.17046376,
          1
        ]
      },
      {
        "date" : 749301400.718031,
        "title" : "Untitled",
        "transform" : [
          0.99926805,
          -7.666882e-12,
          0.03825472,
          0,
          0.0012565067,
          0.9994604,
          -0.032821756,
          0,
          -0.038234074,
          0.0328458,
          0.9987288,
          0,
          -0.02123958,
          0.04216708,
          0.5719801,
          1
        ]
      },
      {
        "date" : 749301396.795195,
        "title" : "Untitled",
        "transform" : [
          0.9997294,
          1.3472855e-10,
          0.023263175,
          0,
          -0.00444252,
          0.98159623,
          0.19091623,
          0,
          -0.022835044,
          -0.1909679,
          0.9813306,
          0,
          -0.012539994,
          -0.08659607,
          0.5672169,
          1
        ]
      }
    ]
  },
  "sceneViewportBackgroundColors" : {

  },
  "selectedSceneRelativePath" : "ExAdv01.usda"
}