{
  "advancedEditorSelectedIdentifier" : "ProjectBrowser",
  "openSceneRelativePaths" : [
    "Ex01.usda",
    "Ex02.usda",
    "Ex03.usda"
  ],
  "recentIdentifiers" : {
    "663CF7E5-36B8-49FD-8229-85994D11C9C2" : [

    ],
    "82DC4AF2-611D-459F-AA26-C8D1681990F4" : [

    ],
    "ACAC4535-8279-450C-8A52-4EA9A007CD4E" : [

    ]
  },
  "sceneCameraHistory" : {
    "663CF7E5-36B8-49FD-8229-85994D11C9C2" : [
      {
        "date" : 752838015.354398,
        "title" : "Untitled",
        "transform" : [
          0.9923979,
          -1.0159828e-08,
          -0.12307099,
          0,
          0.017909603,
          0.98935497,
          0.144416,
          0,
          0.12176086,
          -0.14552233,
          0.9818338,
          0,
          0.057215374,
          -0.06759402,
          0.7603884,
          1
        ]
      },
      {
        "date" : 752837995.867828,
        "title" : "Untitled",
        "transform" : [
          0.971562,
          -1.0121904e-08,
          -0.23678555,
          0,
          0.022376154,
          0.99552494,
          0.09181214,
          0,
          0.23572588,
          -0.09449957,
          0.96721417,
          0,
          0.1451769,
          -0.028373133,
          0.7511003,
          1
        ]
      },
      {
        "date" : 752837988.376955,
        "title" : "Untitled",
        "transform" : [
          0.9959532,
          -9.682999e-09,
          -0.08987406,
          0,
          0.005781079,
          0.9979291,
          0.06406354,
          0,
          0.089687906,
          -0.064323895,
          0.99389064,
          0,
          0.032067537,
          -0.0052319914,
          0.7648381,
          1
        ]
      },
      {
        "date" : 752837971.236063,
        "title" : "Untitled",
        "transform" : [
          -0.039528247,
          1.3571689e-09,
          -0.99921846,
          0,
          -0.30183393,
          0.95328575,
          0.011940282,
          0,
          0.95254076,
          0.30206996,
          -0.037681676,
          0,
          0.7153339,
          0.2725024,
          0.008532081,
          1
        ]
      },
      {
        "date" : 752837965.014754,
        "title" : "Untitled",
        "transform" : [
          0.27506036,
          1.4084272e-09,
          -0.961427,
          0,
          -0.31265602,
          0.9456453,
          -0.08944963,
          0,
          0.90916884,
          0.3252,
          0.26010954,
          0,
          0.6701717,
          0.28982344,
          0.23001118,
          1
        ]
      },
      {
        "date" : 752837940.296554,
        "title" : "Untitled",
        "transform" : [
          1,
          0,
          0,
          0,
          0,
          1,
          0,
          0,
          0,
          0,
          1,
          0,
          -0.03680125,
          0.04396254,
          0.7633779,
          1
        ]
      },
      {
        "date" : 752837934.030141,
        "title" : "Untitled",
        "transform" : [
          1,
          0,
          0,
          0,
          0,
          1,
          0,
          0,
          0,
          0,
          1,
          0,
          0,
          0.41486484,
          0.518581,
          1
        ]
      },
      {
        "date" : 752837927.817721,
        "title" : "Untitled",
        "transform" : [
          0.9997684,
          -2.2571099e-08,
          0.021520007,
          0,
          0.0036446135,
          0.98555464,
          -0.16931823,
          0,
          -0.021209083,
          0.16935727,
          0.98532647,
          0,
          -0.025600743,
          0.20442615,
          1.1893576,
          1
        ]
      },
      {
        "date" : 752837923.997356,
        "title" : "Untitled",
        "transform" : [
          0.90225995,
          -2.266e-08,
          -0.43119243,
          0,
          -0.13688143,
          0.94827545,
          -0.28642124,
          0,
          0.40888926,
          0.3174485,
          0.855591,
          0,
          0.49355793,
          0.3831826,
          1.0327579,
          1
        ]
      },
      {
        "date" : 752837878.771404,
        "title" : "Untitled",
        "transform" : [
          0.99987704,
          -2.5339144e-08,
          -0.015680626,
          0,
          -0.00046019626,
          0.9995692,
          -0.029347664,
          0,
          0.015673883,
          0.029351158,
          0.9994462,
          0,
          0.018919623,
          0.03542902,
          1.2064013,
          1
        ]
      }
    ],
    "82DC4AF2-611D-459F-AA26-C8D1681990F4" : [
      {
        "date" : 752314950.863024,
        "title" : "Untitled",
        "transform" : [
          0.98601145,
          -1.6670636e-08,
          0.16667777,
          0,
          -0.014658286,
          0.99612546,
          0.08671416,
          0,
          -0.1660319,
          -0.08794434,
          0.9821911,
          0,
          -0.09395535,
          0.034128774,
          1.1914798,
          1
        ]
      },
      {
        "date" : 752314880.169762,
        "title" : "Untitled",
        "transform" : [
          0.99382085,
          -1.5651887e-08,
          0.110996164,
          0,
          0.008244465,
          0.9972376,
          -0.07381729,
          0,
          -0.110689506,
          0.0742763,
          0.99107563,
          0,
          -0.024489257,
          0.22616717,
          1.173825,
          1
        ]
      },
      {
        "date" : 752314864.59808,
        "title" : "Untitled",
        "transform" : [
          0.951516,
          -1.5916465e-08,
          0.30759934,
          0,
          0.05670885,
          0.9828589,
          -0.1754207,
          0,
          -0.30232668,
          0.18435924,
          0.9352059,
          0,
          -0.24892971,
          0.35438555,
          1.1144781,
          1
        ]
      },
      {
        "date" : 752314855.725349,
        "title" : "Untitled",
        "transform" : [
          0.41407105,
          -1.5720735e-08,
          0.9102446,
          0,
          0.13609861,
          0.988759,
          -0.061911285,
          0,
          -0.9000123,
          0.1495187,
          0.40941647,
          0,
          -1.0018404,
          0.3139924,
          0.5721377,
          1
        ]
      },
      {
        "date" : 752314811.746359,
        "title" : "Untitled",
        "transform" : [
          0.6469219,
          -1.6231457e-08,
          0.76255614,
          0,
          0.03559649,
          0.99890995,
          -0.03019852,
          0,
          -0.761725,
          0.046680447,
          0.64621675,
          0,
          -0.8275334,
          0.1937571,
          0.8409894,
          1
        ]
      },
      {
        "date" : 752314784.064733,
        "title" : "Untitled",
        "transform" : [
          0.9958298,
          -1.1672881e-08,
          0.091229856,
          0,
          0.0029930733,
          0.9994617,
          -0.03267029,
          0,
          -0.09118082,
          0.032807145,
          0.9952938,
          0,
          -0.0012838147,
          0.1181026,
          0.78708696,
          1
        ]
      },
      {
        "date" : 752313940.359779,
        "title" : "Untitled",
        "transform" : [
          0.9997881,
          -1.1703185e-08,
          -0.020582901,
          0,
          0.00097070466,
          0.9988875,
          0.047146562,
          0,
          0.02055995,
          -0.04715651,
          0.99867594,
          0,
          0.08677929,
          0.055096213,
          0.78923374,
          1
        ]
      },
      {
        "date" : 752313887.996773,
        "title" : "Untitled",
        "transform" : [
          0.99837154,
          -1.1700813e-08,
          0.057046138,
          0,
          -0.0016285647,
          0.99959236,
          0.028503219,
          0,
          -0.057022937,
          -0.028549656,
          0.9979646,
          0,
          0.025352603,
          0.06981186,
          0.79242647,
          1
        ]
      },
      {
        "date" : 752313874.918722,
        "title" : "Untitled",
        "transform" : [
          0.9972119,
          -1.18901795e-08,
          0.074621625,
          0,
          -0.023304459,
          0.94998264,
          0.31143206,
          0,
          -0.070889324,
          -0.31230274,
          0.947334,
          0,
          0.012351482,
          -0.15818852,
          0.779923,
          1
        ]
      },
      {
        "date" : 752313873.369439,
        "title" : "Untitled",
        "transform" : [
          0.99702495,
          -1.1394123e-08,
          -0.07707892,
          0,
          -0.0073043588,
          0.9954996,
          -0.09448386,
          0,
          0.07673198,
          0.094765835,
          0.992538,
          0,
          0.13004886,
          0.16652949,
          0.7673404,
          1
        ]
      }
    ],
    "9901D49B-A0A7-408B-B62C-BA50B672ECCA" : [
      {
        "date" : 752822191.653305,
        "title" : "Untitled",
        "transform" : [
          0.9280326,
          -4.8579385e-10,
          -0.37249908,
          0,
          -0.028322618,
          0.99710524,
          -0.07056209,
          0,
          0.3714208,
          0.07603412,
          0.92534614,
          0,
          1.1558541,
          0.2341559,
          2.351994,
          1
        ]
      },
      {
        "date" : 752822183.779941,
        "title" : "Untitled",
        "transform" : [
          0.19097193,
          1.527155e-10,
          -0.98159546,
          0,
          0.0582024,
          0.9982406,
          0.011323428,
          0,
          0.9798684,
          -0.05929362,
          0.19063595,
          0,
          3.0260022,
          -0.18349226,
          0.0782184,
          1
        ]
      },
      {
        "date" : 752822129.416927,
        "title" : "Untitled",
        "transform" : [
          0.99978757,
          1.407019e-10,
          0.020609941,
          0,
          2.0676302e-05,
          0.9999995,
          -0.001003018,
          0,
          -0.020609934,
          0.0010032856,
          0.99978715,
          0,
          -0.05330346,
          0.0025947734,
          2.5857494,
          1
        ]
      }
    ],
    "ACAC4535-8279-450C-8A52-4EA9A007CD4E" : [
      {
        "date" : 749312175.842336,
        "title" : "Untitled",
        "transform" : [
          0.85369796,
          -5.150211e-09,
          0.5207683,
          0,
          0.051623367,
          0.9950745,
          -0.08462643,
          0,
          -0.5182032,
          0.09912923,
          0.84949315,
          0,
          -0.39165217,
          0.10139797,
          0.3371244,
          1
        ]
      },
      {
        "date" : 749301445.418735,
        "title" : "Untitled",
        "transform" : [
          0.7363221,
          1.7492405e-09,
          0.67663115,
          0,
          -0.038660366,
          0.9983663,
          0.042070903,
          0,
          -0.6755257,
          -0.057136547,
          0.7351192,
          0,
          -0.4562881,
          0.023531776,
          0.261865,
          1
        ]
      },
      {
        "date" : 749301440.417032,
        "title" : "Untitled",
        "transform" : [
          0.7363221,
          1.7492405e-09,
          0.67663115,
          0,
          -0.038660366,
          0.9983663,
          0.042070903,
          0,
          -0.6755257,
          -0.057136547,
          0.7351192,
          0,
          -0.47954637,
          -0.041362025,
          0.23544832,
          1
        ]
      },
      {
        "date" : 749301438.77042,
        "title" : "Untitled",
        "transform" : [
          0.7363221,
          1.7492405e-09,
          0.67663115,
          0,
          -0.038660366,
          0.9983663,
          0.042070903,
          0,
          -0.6755257,
          -0.057136547,
          0.7351192,
          0,
          -0.48364887,
          -0.041715875,
          0.23746257,
          1
        ]
      },
      {
        "date" : 749301429.92811,
        "title" : "Untitled",
        "transform" : [
          0.7363221,
          1.7492405e-09,
          0.67663115,
          0,
          -0.038660366,
          0.9983663,
          0.042070903,
          0,
          -0.6755257,
          -0.057136547,
          0.7351192,
          0,
          -0.35626346,
          -0.008688533,
          0.388548,
          1
        ]
      },
      {
        "date" : 749301426.394829,
        "title" : "Untitled",
        "transform" : [
          0.7363221,
          1.7492405e-09,
          0.67663115,
          0,
          -0.038660366,
          0.9983663,
          0.042070903,
          0,
          -0.6755257,
          -0.057136547,
          0.7351192,
          0,
          -0.35626346,
          -0.008688533,
          0.388548,
          1
        ]
      },
      {
        "date" : 749301419.223626,
        "title" : "Untitled",
        "transform" : [
          0.9382678,
          -1.7557156e-10,
          0.3459096,
          0,
          -0.030112686,
          0.99620366,
          0.08167962,
          0,
          -0.3445964,
          -0.08705362,
          0.9347058,
          0,
          -0.18161917,
          -0.024495376,
          0.49435198,
          1
        ]
      },
      {
        "date" : 749301413.68389,
        "title" : "Untitled",
        "transform" : [
          0.915817,
          9.652028e-12,
          0.40159574,
          0,
          0.0051616775,
          0.99991745,
          -0.011770922,
          0,
          -0.4015626,
          0.012852918,
          0.91574144,
          0,
          -0.0745155,
          0.009969849,
          0.17046376,
          1
        ]
      },
      {
        "date" : 749301400.718031,
        "title" : "Untitled",
        "transform" : [
          0.99926805,
          -7.666882e-12,
          0.03825472,
          0,
          0.0012565067,
          0.9994604,
          -0.032821756,
          0,
          -0.038234074,
          0.0328458,
          0.9987288,
          0,
          -0.02123958,
          0.04216708,
          0.5719801,
          1
        ]
      },
      {
        "date" : 749301396.795195,
        "title" : "Untitled",
        "transform" : [
          0.9997294,
          1.3472855e-10,
          0.023263175,
          0,
          -0.00444252,
          0.98159623,
          0.19091623,
          0,
          -0.022835044,
          -0.1909679,
          0.9813306,
          0,
          -0.012539994,
          -0.08659607,
          0.5672169,
          1
        ]
      }
    ],
    "FBFFEBEA-B32F-4413-BAA0-6DC996551A82" : [
      {
        "date" : 752319599.196014,
        "title" : "Untitled",
        "transform" : [
          0.92085,
          3.9366173e-09,
          0.3899169,
          0,
          -0.057226017,
          0.9891714,
          0.13514824,
          0,
          -0.38569468,
          -0.14676465,
          0.9108786,
          0,
          -0.4276484,
          -0.12914853,
          0.62554467,
          1
        ]
      },
      {
        "date" : 752319588.773561,
        "title" : "Untitled",
        "transform" : [
          0.92085,
          3.9366173e-09,
          0.3899169,
          0,
          -0.057226017,
          0.9891714,
          0.13514824,
          0,
          -0.38569468,
          -0.14676465,
          0.9108786,
          0,
          -0.31030244,
          -0.11807637,
          0.73282796,
          1
        ]
      },
      {
        "date" : 752319536.132355,
        "title" : "Untitled",
        "transform" : [
          0.92085,
          3.9366173e-09,
          0.3899169,
          0,
          -0.057226017,
          0.9891714,
          0.13514824,
          0,
          -0.38569462,
          -0.14676464,
          0.9108785,
          0,
          -0.39570516,
          -0.15057385,
          0.9345199,
          1
        ]
      },
      {
        "date" : 752319515.747737,
        "title" : "Untitled",
        "transform" : [
          0.9206638,
          3.0996352e-09,
          0.39035648,
          0,
          -0.073215835,
          0.9822529,
          0.17268103,
          0,
          -0.38342878,
          -0.18756142,
          0.90432453,
          0,
          -0.3933805,
          -0.1924295,
          0.92779595,
          1
        ]
      },
      {
        "date" : 752319497.332319,
        "title" : "Untitled",
        "transform" : [
          0.9348175,
          3.3756171e-09,
          0.35512844,
          0,
          -0.06202225,
          0.98463094,
          0.16326343,
          0,
          -0.3496705,
          -0.17464736,
          0.92045027,
          0,
          -0.35874602,
          -0.17918026,
          0.94434017,
          1
        ]
      },
      {
        "date" : 752319491.505512,
        "title" : "Untitled",
        "transform" : [
          0.97459346,
          3.0124214e-09,
          0.22398108,
          0,
          -0.049122695,
          0.97565377,
          0.21374424,
          0,
          -0.21852802,
          -0.21931627,
          0.9508658,
          0,
          -0.22419976,
          -0.22500855,
          0.9755451,
          1
        ]
      },
      {
        "date" : 752319483.473321,
        "title" : "Untitled",
        "transform" : [
          0.9218652,
          2.734346e-09,
          0.38751063,
          0,
          -0.07033138,
          0.9833919,
          0.16731426,
          0,
          -0.3810748,
          -0.18149531,
          0.9065547,
          0,
          -0.39096537,
          -0.18620594,
          0.93008393,
          1
        ]
      },
      {
        "date" : 752319479.986701,
        "title" : "Untitled",
        "transform" : [
          0.9518773,
          4.336469e-09,
          0.30647948,
          0,
          -0.021309476,
          0.99757993,
          0.066183865,
          0,
          -0.30573776,
          -0.06952985,
          0.9495737,
          0,
          -0.31367308,
          -0.07133446,
          0.9742194,
          1
        ]
      },
      {
        "date" : 752319478.388345,
        "title" : "Untitled",
        "transform" : [
          0.9665297,
          -1.7726731e-09,
          0.25655457,
          0,
          0.026015135,
          0.99484557,
          -0.09800803,
          0,
          -0.25523216,
          0.10140198,
          0.9615478,
          0,
          -0.2618566,
          0.10403383,
          0.9865043,
          1
        ]
      },
      {
        "date" : 752319459.355076,
        "title" : "Untitled",
        "transform" : [
          0.99602497,
          -1.1017036e-09,
          0.08907449,
          0,
          0.017584177,
          0.9803211,
          -0.19662508,
          0,
          -0.08732161,
          0.1974098,
          0.9764243,
          0,
          -0.22583985,
          0.510561,
          2.525326,
          1
        ]
      }
    ]
  },
  "sceneViewportBackgroundColors" : {

  },
  "selectedSceneRelativePath" : "Ex03.usda"
}