{
  "advancedEditorSelectedIdentifier" : "ShaderGraphEditorPluginID",
  "openSceneRelativePaths" : [
    "Ex01.usda",
    "Ex02.usda",
    "Ex03.usda",
    "Ex04.usda",
    "Ex05.usda",
    "Ex06.usda"
  ],
  "recentIdentifiers" : {
    "234537A4-2F24-4D42-9CFE-F0FF0B3E2FA7" : [

    ],
    "663CF7E5-36B8-49FD-8229-85994D11C9C2" : [

    ],
    "82DC4AF2-611D-459F-AA26-C8D1681990F4" : [

    ],
    "ACAC4535-8279-450C-8A52-4EA9A007CD4E" : [

    ],
    "C4AAC052-461E-4693-8E7F-C838612D1520" : [

    ],
    "D6A5D356-228B-49B1-8379-DC92AA5AA057" : [

    ]
  },
  "sceneCameraHistory" : {
    "234537A4-2F24-4D42-9CFE-F0FF0B3E2FA7" : [
      {
        "date" : 753532155.235264,
        "title" : "Untitled",
        "transform" : [
          0.97710264,
          -1.4924545e-09,
          -0.212769,
          0,
          -0.0064203884,
          0.9995446,
          -0.029484443,
          0,
          0.21267214,
          0.030175373,
          0.9766577,
          0,
          0.28179222,
          0.03998269,
          1.2940788,
          1
        ]
      },
      {
        "date" : 753532154.203757,
        "title" : "Untitled",
        "transform" : [
          0.9774449,
          -1.8867465e-09,
          -0.21119092,
          0,
          -0.006372769,
          0.9995446,
          -0.029494772,
          0,
          0.21109478,
          0.030175373,
          0.97699976,
          0,
          0.27970222,
          0.0399827,
          1.2945323,
          1
        ]
      },
      {
        "date" : 753532134.502355,
        "title" : "Untitled",
        "transform" : [
          0.94909513,
          -2.0369662e-09,
          -0.31498966,
          0,
          0.0054418594,
          0.99985075,
          0.01639687,
          0,
          0.3149427,
          -0.017276334,
          0.9489535,
          0,
          0.41730148,
          -0.02289118,
          1.2573707,
          1
        ]
      },
      {
        "date" : 753532130.117608,
        "title" : "Untitled",
        "transform" : [
          0.949079,
          -1.3034498e-09,
          -0.31503832,
          0,
          -0.0027168195,
          0.9999628,
          -0.008184634,
          0,
          0.3150266,
          0.008623753,
          0.9490437,
          0,
          0.4174127,
          0.011426634,
          1.2574903,
          1
        ]
      },
      {
        "date" : 753532101.733677,
        "title" : "Untitled",
        "transform" : [
          0.97047544,
          -1.2541204e-09,
          -0.24120018,
          0,
          -0.002893999,
          0.99992806,
          -0.011644069,
          0,
          0.24118282,
          0.011998302,
          0.9704056,
          0,
          0.3195691,
          0.015897939,
          1.285795,
          1
        ]
      },
      {
        "date" : 753532099.348511,
        "title" : "Untitled",
        "transform" : [
          0.93782556,
          -2.0599655e-09,
          -0.34710696,
          0,
          0.002541397,
          0.99997324,
          0.0068664397,
          0,
          0.34709764,
          -0.00732167,
          0.93780047,
          0,
          0.45990708,
          -0.009701174,
          1.2425928,
          1
        ]
      },
      {
        "date" : 753532085.397527,
        "title" : "Untitled",
        "transform" : [
          0.96700495,
          -1.5112755e-09,
          -0.25475776,
          0,
          -0.0071825343,
          0.9996025,
          -0.027263323,
          0,
          0.2546565,
          0.028193561,
          0.96662056,
          0,
          0.33742183,
          0.037356783,
          1.2807797,
          1
        ]
      },
      {
        "date" : 753531894.117067,
        "title" : "Untitled",
        "transform" : [
          0.9989157,
          -1.4410704e-09,
          0.046555713,
          0,
          -0.0011101987,
          0.9997157,
          0.023820758,
          0,
          -0.04654248,
          -0.023846626,
          0.9986317,
          0,
          -0.08357315,
          -0.042819623,
          1.7931746,
          1
        ]
      },
      {
        "date" : 753531858.058879,
        "title" : "Untitled",
        "transform" : [
          0.9967527,
          -8.643166e-10,
          -0.08052398,
          0,
          -0.017130107,
          0.97711045,
          -0.21204214,
          0,
          0.07868083,
          0.21273296,
          0.97393745,
          0,
          0.14128177,
          0.3819901,
          1.7488328,
          1
        ]
      },
      {
        "date" : 753531702.916736,
        "title" : "Untitled",
        "transform" : [
          0.9967527,
          -8.643166e-10,
          -0.08052398,
          0,
          -0.017130107,
          0.97711045,
          -0.21204214,
          0,
          0.07868083,
          0.21273296,
          0.97393745,
          0,
          0.20349221,
          0.5501913,
          2.5188942,
          1
        ]
      }
    ],
    "663CF7E5-36B8-49FD-8229-85994D11C9C2" : [
      {
        "date" : 752838361.027908,
        "title" : "Untitled",
        "transform" : [
          -0.984364,
          -1.3290589e-08,
          0.17614657,
          0,
          -0.036145866,
          0.9787194,
          -0.20199475,
          0,
          -0.1723979,
          -0.20520331,
          -0.9634161,
          0,
          -0.2114984,
          -0.250615,
          -1.3130293,
          1
        ]
      },
      {
        "date" : 752838335.422127,
        "title" : "Untitled",
        "transform" : [
          0.9999605,
          -1.556654e-08,
          -0.008891588,
          0,
          9.562761e-06,
          0.99999946,
          0.0010744696,
          0,
          0.008891424,
          -0.0010744947,
          0.9999599,
          0,
          -0.011063731,
          0.026134355,
          1.3530631,
          1
        ]
      },
      {
        "date" : 752838329.101062,
        "title" : "Untitled",
        "transform" : [
          0.97815853,
          -1.5574331e-08,
          0.20786017,
          0,
          0.0057323757,
          0.99961966,
          -0.02697565,
          0,
          -0.20778127,
          0.027578013,
          0.9777864,
          0,
          -0.30353504,
          0.06488735,
          1.3172855,
          1
        ]
      },
      {
        "date" : 752838325.387655,
        "title" : "Untitled",
        "transform" : [
          0.089284174,
          -1.566986e-08,
          0.9960062,
          0,
          0.045814168,
          0.99894166,
          -0.0041068722,
          0,
          -0.99495196,
          0.045997888,
          0.089189485,
          0,
          -1.346851,
          0.08978858,
          0.09754789,
          1
        ]
      },
      {
        "date" : 752838314.015544,
        "title" : "Untitled",
        "transform" : [
          0.41282952,
          -1.4492665e-08,
          0.9108083,
          0,
          -0.34246242,
          0.9266204,
          0.15522322,
          0,
          -0.8439736,
          -0.3759983,
          0.38253602,
          0,
          -1.1607786,
          -0.4831178,
          0.5007744,
          1
        ]
      },
      {
        "date" : 752838302.652986,
        "title" : "Untitled",
        "transform" : [
          -0.950174,
          -1.4740593e-08,
          -0.31172013,
          0,
          0.052021537,
          0.98597616,
          -0.15857017,
          0,
          0.30734888,
          -0.1668854,
          -0.9368489,
          0,
          0.61807615,
          -0.2957099,
          -1.80991,
          1
        ]
      },
      {
        "date" : 752838248.818609,
        "title" : "Untitled",
        "transform" : [
          0.72590077,
          -1.2534393e-08,
          -0.6877994,
          0,
          0.073809646,
          0.99422526,
          0.07789839,
          0,
          0.68382746,
          -0.10731275,
          0.7217091,
          0,
          1.0368581,
          -0.12268794,
          1.1478021,
          1
        ]
      },
      {
        "date" : 752838227.364814,
        "title" : "Untitled",
        "transform" : [
          0.96065813,
          -1.4671177e-08,
          0.27773377,
          0,
          -0.11053102,
          0.9173964,
          0.38231763,
          0,
          -0.25479203,
          -0.3979747,
          0.88130426,
          0,
          -0.43528724,
          -0.5767594,
          1.373117,
          1
        ]
      },
      {
        "date" : 752838210.715496,
        "title" : "Untitled",
        "transform" : [
          -0.927998,
          -2.3644493e-08,
          -0.37258527,
          0,
          0.12056732,
          0.9461952,
          -0.30029705,
          0,
          0.35253844,
          -0.32359672,
          -0.8780672,
          0,
          0.35722294,
          -0.25008643,
          -0.79096216,
          1
        ]
      },
      {
        "date" : 752838206.812319,
        "title" : "Untitled",
        "transform" : [
          0.7806816,
          -8.218491e-09,
          -0.624929,
          0,
          -0.050074387,
          0.9967847,
          -0.0625546,
          0,
          0.62291956,
          0.08012814,
          0.7781714,
          0,
          0.5305556,
          0.116047,
          0.7216761,
          1
        ]
      }
    ],
    "82DC4AF2-611D-459F-AA26-C8D1681990F4" : [
      {
        "date" : 752314950.863024,
        "title" : "Untitled",
        "transform" : [
          0.98601145,
          -1.6670636e-08,
          0.16667777,
          0,
          -0.014658286,
          0.99612546,
          0.08671416,
          0,
          -0.1660319,
          -0.08794434,
          0.9821911,
          0,
          -0.09395535,
          0.034128774,
          1.1914798,
          1
        ]
      },
      {
        "date" : 752314880.169762,
        "title" : "Untitled",
        "transform" : [
          0.99382085,
          -1.5651887e-08,
          0.110996164,
          0,
          0.008244465,
          0.9972376,
          -0.07381729,
          0,
          -0.110689506,
          0.0742763,
          0.99107563,
          0,
          -0.024489257,
          0.22616717,
          1.173825,
          1
        ]
      },
      {
        "date" : 752314864.59808,
        "title" : "Untitled",
        "transform" : [
          0.951516,
          -1.5916465e-08,
          0.30759934,
          0,
          0.05670885,
          0.9828589,
          -0.1754207,
          0,
          -0.30232668,
          0.18435924,
          0.9352059,
          0,
          -0.24892971,
          0.35438555,
          1.1144781,
          1
        ]
      },
      {
        "date" : 752314855.725349,
        "title" : "Untitled",
        "transform" : [
          0.41407105,
          -1.5720735e-08,
          0.9102446,
          0,
          0.13609861,
          0.988759,
          -0.061911285,
          0,
          -0.9000123,
          0.1495187,
          0.40941647,
          0,
          -1.0018404,
          0.3139924,
          0.5721377,
          1
        ]
      },
      {
        "date" : 752314811.746359,
        "title" : "Untitled",
        "transform" : [
          0.6469219,
          -1.6231457e-08,
          0.76255614,
          0,
          0.03559649,
          0.99890995,
          -0.03019852,
          0,
          -0.761725,
          0.046680447,
          0.64621675,
          0,
          -0.8275334,
          0.1937571,
          0.8409894,
          1
        ]
      },
      {
        "date" : 752314784.064733,
        "title" : "Untitled",
        "transform" : [
          0.9958298,
          -1.1672881e-08,
          0.091229856,
          0,
          0.0029930733,
          0.9994617,
          -0.03267029,
          0,
          -0.09118082,
          0.032807145,
          0.9952938,
          0,
          -0.0012838147,
          0.1181026,
          0.78708696,
          1
        ]
      },
      {
        "date" : 752313940.359779,
        "title" : "Untitled",
        "transform" : [
          0.9997881,
          -1.1703185e-08,
          -0.020582901,
          0,
          0.00097070466,
          0.9988875,
          0.047146562,
          0,
          0.02055995,
          -0.04715651,
          0.99867594,
          0,
          0.08677929,
          0.055096213,
          0.78923374,
          1
        ]
      },
      {
        "date" : 752313887.996773,
        "title" : "Untitled",
        "transform" : [
          0.99837154,
          -1.1700813e-08,
          0.057046138,
          0,
          -0.0016285647,
          0.99959236,
          0.028503219,
          0,
          -0.057022937,
          -0.028549656,
          0.9979646,
          0,
          0.025352603,
          0.06981186,
          0.79242647,
          1
        ]
      },
      {
        "date" : 752313874.918722,
        "title" : "Untitled",
        "transform" : [
          0.9972119,
          -1.18901795e-08,
          0.074621625,
          0,
          -0.023304459,
          0.94998264,
          0.31143206,
          0,
          -0.070889324,
          -0.31230274,
          0.947334,
          0,
          0.012351482,
          -0.15818852,
          0.779923,
          1
        ]
      },
      {
        "date" : 752313873.369439,
        "title" : "Untitled",
        "transform" : [
          0.99702495,
          -1.1394123e-08,
          -0.07707892,
          0,
          -0.0073043588,
          0.9954996,
          -0.09448386,
          0,
          0.07673198,
          0.094765835,
          0.992538,
          0,
          0.13004886,
          0.16652949,
          0.7673404,
          1
        ]
      }
    ],
    "9901D49B-A0A7-408B-B62C-BA50B672ECCA" : [
      {
        "date" : 752822191.653305,
        "title" : "Untitled",
        "transform" : [
          0.9280326,
          -4.8579385e-10,
          -0.37249908,
          0,
          -0.028322618,
          0.99710524,
          -0.07056209,
          0,
          0.3714208,
          0.07603412,
          0.92534614,
          0,
          1.1558541,
          0.2341559,
          2.351994,
          1
        ]
      },
      {
        "date" : 752822183.779941,
        "title" : "Untitled",
        "transform" : [
          0.19097193,
          1.527155e-10,
          -0.98159546,
          0,
          0.0582024,
          0.9982406,
          0.011323428,
          0,
          0.9798684,
          -0.05929362,
          0.19063595,
          0,
          3.0260022,
          -0.18349226,
          0.0782184,
          1
        ]
      },
      {
        "date" : 752822129.416927,
        "title" : "Untitled",
        "transform" : [
          0.99978757,
          1.407019e-10,
          0.020609941,
          0,
          2.0676302e-05,
          0.9999995,
          -0.001003018,
          0,
          -0.020609934,
          0.0010032856,
          0.99978715,
          0,
          -0.05330346,
          0.0025947734,
          2.5857494,
          1
        ]
      }
    ],
    "ACAC4535-8279-450C-8A52-4EA9A007CD4E" : [
      {
        "date" : 749312175.842336,
        "title" : "Untitled",
        "transform" : [
          0.85369796,
          -5.150211e-09,
          0.5207683,
          0,
          0.051623367,
          0.9950745,
          -0.08462643,
          0,
          -0.5182032,
          0.09912923,
          0.84949315,
          0,
          -0.39165217,
          0.10139797,
          0.3371244,
          1
        ]
      },
      {
        "date" : 749301445.418735,
        "title" : "Untitled",
        "transform" : [
          0.7363221,
          1.7492405e-09,
          0.67663115,
          0,
          -0.038660366,
          0.9983663,
          0.042070903,
          0,
          -0.6755257,
          -0.057136547,
          0.7351192,
          0,
          -0.4562881,
          0.023531776,
          0.261865,
          1
        ]
      },
      {
        "date" : 749301440.417032,
        "title" : "Untitled",
        "transform" : [
          0.7363221,
          1.7492405e-09,
          0.67663115,
          0,
          -0.038660366,
          0.9983663,
          0.042070903,
          0,
          -0.6755257,
          -0.057136547,
          0.7351192,
          0,
          -0.47954637,
          -0.041362025,
          0.23544832,
          1
        ]
      },
      {
        "date" : 749301438.77042,
        "title" : "Untitled",
        "transform" : [
          0.7363221,
          1.7492405e-09,
          0.67663115,
          0,
          -0.038660366,
          0.9983663,
          0.042070903,
          0,
          -0.6755257,
          -0.057136547,
          0.7351192,
          0,
          -0.48364887,
          -0.041715875,
          0.23746257,
          1
        ]
      },
      {
        "date" : 749301429.92811,
        "title" : "Untitled",
        "transform" : [
          0.7363221,
          1.7492405e-09,
          0.67663115,
          0,
          -0.038660366,
          0.9983663,
          0.042070903,
          0,
          -0.6755257,
          -0.057136547,
          0.7351192,
          0,
          -0.35626346,
          -0.008688533,
          0.388548,
          1
        ]
      },
      {
        "date" : 749301426.394829,
        "title" : "Untitled",
        "transform" : [
          0.7363221,
          1.7492405e-09,
          0.67663115,
          0,
          -0.038660366,
          0.9983663,
          0.042070903,
          0,
          -0.6755257,
          -0.057136547,
          0.7351192,
          0,
          -0.35626346,
          -0.008688533,
          0.388548,
          1
        ]
      },
      {
        "date" : 749301419.223626,
        "title" : "Untitled",
        "transform" : [
          0.9382678,
          -1.7557156e-10,
          0.3459096,
          0,
          -0.030112686,
          0.99620366,
          0.08167962,
          0,
          -0.3445964,
          -0.08705362,
          0.9347058,
          0,
          -0.18161917,
          -0.024495376,
          0.49435198,
          1
        ]
      },
      {
        "date" : 749301413.68389,
        "title" : "Untitled",
        "transform" : [
          0.915817,
          9.652028e-12,
          0.40159574,
          0,
          0.0051616775,
          0.99991745,
          -0.011770922,
          0,
          -0.4015626,
          0.012852918,
          0.91574144,
          0,
          -0.0745155,
          0.009969849,
          0.17046376,
          1
        ]
      },
      {
        "date" : 749301400.718031,
        "title" : "Untitled",
        "transform" : [
          0.99926805,
          -7.666882e-12,
          0.03825472,
          0,
          0.0012565067,
          0.9994604,
          -0.032821756,
          0,
          -0.038234074,
          0.0328458,
          0.9987288,
          0,
          -0.02123958,
          0.04216708,
          0.5719801,
          1
        ]
      },
      {
        "date" : 749301396.795195,
        "title" : "Untitled",
        "transform" : [
          0.9997294,
          1.3472855e-10,
          0.023263175,
          0,
          -0.00444252,
          0.98159623,
          0.19091623,
          0,
          -0.022835044,
          -0.1909679,
          0.9813306,
          0,
          -0.012539994,
          -0.08659607,
          0.5672169,
          1
        ]
      }
    ],
    "C4AAC052-461E-4693-8E7F-C838612D1520" : [
      {
        "date" : 753524259.641493,
        "title" : "Untitled",
        "transform" : [
          0.9789929,
          -2.985289e-10,
          -0.2038943,
          0,
          -0.004697596,
          0.9997346,
          -0.02255538,
          0,
          0.20384018,
          0.023039369,
          0.978733,
          0,
          0.29548895,
          -0.06367762,
          1.1552727,
          1
        ]
      },
      {
        "date" : 753524238.850955,
        "title" : "Untitled",
        "transform" : [
          0.9809831,
          -4.8508797e-10,
          -0.19409342,
          0,
          0.0052317907,
          0.99963665,
          0.02644241,
          0,
          0.1940229,
          -0.026955014,
          0.98062664,
          0,
          0.28301167,
          -0.123136826,
          1.1535884,
          1
        ]
      },
      {
        "date" : 753524234.928313,
        "title" : "Untitled",
        "transform" : [
          0.9809831,
          -4.8508797e-10,
          -0.19409342,
          0,
          0.0052317907,
          0.99963665,
          0.02644241,
          0,
          0.1940229,
          -0.026955014,
          0.98062664,
          0,
          0.28910345,
          -0.12578732,
          1.1784191,
          1
        ]
      },
      {
        "date" : 753524233.365221,
        "title" : "Untitled",
        "transform" : [
          0.9809831,
          -4.8508797e-10,
          -0.19409342,
          0,
          0.0052317907,
          0.99963665,
          0.02644241,
          0,
          0.1940229,
          -0.026955014,
          0.98062664,
          0,
          0.31304416,
          -0.1362038,
          1.2760042,
          1
        ]
      },
      {
        "date" : 753524221.589664,
        "title" : "Untitled",
        "transform" : [
          0.80823237,
          1.3271535e-09,
          0.5888637,
          0,
          0.025333703,
          0.9990741,
          -0.034771238,
          0,
          -0.5883185,
          0.04302134,
          0.80748403,
          0,
          -0.64332336,
          -0.038955666,
          0.9719767,
          1
        ]
      },
      {
        "date" : 753524217.139689,
        "title" : "Untitled",
        "transform" : [
          0.80823237,
          1.3271535e-09,
          0.5888637,
          0,
          0.025333703,
          0.9990741,
          -0.034771238,
          0,
          -0.5883185,
          0.04302134,
          0.80748403,
          0,
          0.41508114,
          -0.053941775,
          1.7439102,
          1
        ]
      },
      {
        "date" : 753524213.003321,
        "title" : "Untitled",
        "transform" : [
          0.9903953,
          3.0464942e-10,
          -0.13826479,
          0,
          0.0033005562,
          0.999715,
          0.023641994,
          0,
          0.13822539,
          -0.023871271,
          0.990113,
          0,
          1.5095494,
          -0.13171485,
          0.95934176,
          1
        ]
      },
      {
        "date" : 753524208.73831,
        "title" : "Untitled",
        "transform" : [
          0.9903953,
          3.0464942e-10,
          -0.13826479,
          0,
          0.0033005562,
          0.999715,
          0.023641994,
          0,
          0.13822539,
          -0.023871271,
          0.990113,
          0,
          0.28157437,
          -0.09672483,
          1.1316158,
          1
        ]
      },
      {
        "date" : 753524184.327003,
        "title" : "Untitled",
        "transform" : [
          0.9903953,
          3.0464942e-10,
          -0.13826479,
          0,
          0.0033005562,
          0.999715,
          0.023641994,
          0,
          0.13822539,
          -0.023871271,
          0.990113,
          0,
          0.28157437,
          -0.09672483,
          1.1316158,
          1
        ]
      },
      {
        "date" : 753524180.659211,
        "title" : "Untitled",
        "transform" : [
          0.9889634,
          -3.6183767e-10,
          -0.14815974,
          0,
          0.0020554154,
          0.99990374,
          0.013719857,
          0,
          0.14814548,
          -0.013872968,
          0.9888683,
          0,
          0.29299867,
          -0.085141614,
          1.1296452,
          1
        ]
      }
    ],
    "D6A5D356-228B-49B1-8379-DC92AA5AA057" : [
      {
        "date" : 753528523.256758,
        "title" : "Untitled",
        "transform" : [
          0.96374243,
          -1.1545466e-09,
          -0.26683465,
          0,
          -0.001110416,
          0.99999136,
          -0.004010542,
          0,
          0.2668324,
          0.004161423,
          0.96373403,
          0,
          0.31693658,
          -0.110744834,
          1.3918251,
          1
        ]
      },
      {
        "date" : 753528478.731942,
        "title" : "Untitled",
        "transform" : [
          0.92713,
          -1.26969e-09,
          -0.37473997,
          0,
          -0.017357407,
          0.9989267,
          -0.0429433,
          0,
          0.3743378,
          0.04631853,
          0.92613494,
          0,
          0.47700253,
          -0.047302812,
          1.3301779,
          1
        ]
      },
      {
        "date" : 753528476.749353,
        "title" : "Untitled",
        "transform" : [
          0.91483617,
          1.0864376e-09,
          -0.40382528,
          0,
          -0.029058188,
          0.99740773,
          -0.06582915,
          0,
          0.40277845,
          0.07195732,
          0.9124647,
          0,
          0.516841,
          -0.009041935,
          1.3036176,
          1
        ]
      },
      {
        "date" : 753528462.843478,
        "title" : "Untitled",
        "transform" : [
          0.96982855,
          -3.6833117e-10,
          -0.24378797,
          0,
          0.00030016503,
          0.9999992,
          0.0011941176,
          0,
          0.24378781,
          -0.0012312664,
          0.96982783,
          0,
          0.28201634,
          -0.11890778,
          1.400907,
          1
        ]
      },
      {
        "date" : 753528414.874265,
        "title" : "Untitled",
        "transform" : [
          0.99945843,
          -3.4085318e-10,
          -0.03290671,
          0,
          -0.00041676484,
          0.9999199,
          -0.012658109,
          0,
          0.032904074,
          0.012664964,
          0.9993782,
          0,
          -0.040245254,
          -0.09789485,
          1.4215512,
          1
        ]
      },
      {
        "date" : 753528405.039284,
        "title" : "Untitled",
        "transform" : [
          0.99679166,
          -3.189913e-10,
          -0.08004028,
          0,
          0.00021752386,
          0.99999636,
          0.0027089906,
          0,
          0.080039985,
          -0.0027177124,
          0.9967879,
          0,
          0.031605095,
          -0.12115973,
          1.427561,
          1
        ]
      },
      {
        "date" : 753528395.557959,
        "title" : "Untitled",
        "transform" : [
          0.99679166,
          -3.189913e-10,
          -0.08004028,
          0,
          0.00021752386,
          0.99999636,
          0.0027089906,
          0,
          0.080039985,
          -0.0027177124,
          0.9967879,
          0,
          0.031605095,
          -0.12115973,
          1.427561,
          1
        ]
      },
      {
        "date" : 753528377.940167,
        "title" : "Untitled",
        "transform" : [
          0.9954941,
          -4.0250225e-10,
          -0.09482399,
          0,
          -0.0015975317,
          0.9998582,
          -0.016771398,
          0,
          0.09481053,
          0.016847307,
          0.99535275,
          0,
          0.053415813,
          -0.09158465,
          1.4195024,
          1
        ]
      },
      {
        "date" : 753528372.98528,
        "title" : "Untitled",
        "transform" : [
          0.84918284,
          -4.0267878e-10,
          -0.52809906,
          0,
          -0.0052097486,
          0.9999514,
          -0.008377267,
          0,
          0.5280733,
          0.009865089,
          0.8491414,
          0,
          0.7213083,
          -0.1021229,
          1.2401906,
          1
        ]
      },
      {
        "date" : 753528369.98708,
        "title" : "Untitled",
        "transform" : [
          0.29518446,
          1.7265294e-09,
          -0.95544034,
          0,
          0.06895637,
          0.99739224,
          0.021304157,
          0,
          0.95294863,
          -0.07217234,
          0.29441464,
          0,
          1.441986,
          -0.22729588,
          0.4496357,
          1
        ]
      }
    ],
    "FBFFEBEA-B32F-4413-BAA0-6DC996551A82" : [
      {
        "date" : 752319599.196014,
        "title" : "Untitled",
        "transform" : [
          0.92085,
          3.9366173e-09,
          0.3899169,
          0,
          -0.057226017,
          0.9891714,
          0.13514824,
          0,
          -0.38569468,
          -0.14676465,
          0.9108786,
          0,
          -0.4276484,
          -0.12914853,
          0.62554467,
          1
        ]
      },
      {
        "date" : 752319588.773561,
        "title" : "Untitled",
        "transform" : [
          0.92085,
          3.9366173e-09,
          0.3899169,
          0,
          -0.057226017,
          0.9891714,
          0.13514824,
          0,
          -0.38569468,
          -0.14676465,
          0.9108786,
          0,
          -0.31030244,
          -0.11807637,
          0.73282796,
          1
        ]
      },
      {
        "date" : 752319536.132355,
        "title" : "Untitled",
        "transform" : [
          0.92085,
          3.9366173e-09,
          0.3899169,
          0,
          -0.057226017,
          0.9891714,
          0.13514824,
          0,
          -0.38569462,
          -0.14676464,
          0.9108785,
          0,
          -0.39570516,
          -0.15057385,
          0.9345199,
          1
        ]
      },
      {
        "date" : 752319515.747737,
        "title" : "Untitled",
        "transform" : [
          0.9206638,
          3.0996352e-09,
          0.39035648,
          0,
          -0.073215835,
          0.9822529,
          0.17268103,
          0,
          -0.38342878,
          -0.18756142,
          0.90432453,
          0,
          -0.3933805,
          -0.1924295,
          0.92779595,
          1
        ]
      },
      {
        "date" : 752319497.332319,
        "title" : "Untitled",
        "transform" : [
          0.9348175,
          3.3756171e-09,
          0.35512844,
          0,
          -0.06202225,
          0.98463094,
          0.16326343,
          0,
          -0.3496705,
          -0.17464736,
          0.92045027,
          0,
          -0.35874602,
          -0.17918026,
          0.94434017,
          1
        ]
      },
      {
        "date" : 752319491.505512,
        "title" : "Untitled",
        "transform" : [
          0.97459346,
          3.0124214e-09,
          0.22398108,
          0,
          -0.049122695,
          0.97565377,
          0.21374424,
          0,
          -0.21852802,
          -0.21931627,
          0.9508658,
          0,
          -0.22419976,
          -0.22500855,
          0.9755451,
          1
        ]
      },
      {
        "date" : 752319483.473321,
        "title" : "Untitled",
        "transform" : [
          0.9218652,
          2.734346e-09,
          0.38751063,
          0,
          -0.07033138,
          0.9833919,
          0.16731426,
          0,
          -0.3810748,
          -0.18149531,
          0.9065547,
          0,
          -0.39096537,
          -0.18620594,
          0.93008393,
          1
        ]
      },
      {
        "date" : 752319479.986701,
        "title" : "Untitled",
        "transform" : [
          0.9518773,
          4.336469e-09,
          0.30647948,
          0,
          -0.021309476,
          0.99757993,
          0.066183865,
          0,
          -0.30573776,
          -0.06952985,
          0.9495737,
          0,
          -0.31367308,
          -0.07133446,
          0.9742194,
          1
        ]
      },
      {
        "date" : 752319478.388345,
        "title" : "Untitled",
        "transform" : [
          0.9665297,
          -1.7726731e-09,
          0.25655457,
          0,
          0.026015135,
          0.99484557,
          -0.09800803,
          0,
          -0.25523216,
          0.10140198,
          0.9615478,
          0,
          -0.2618566,
          0.10403383,
          0.9865043,
          1
        ]
      },
      {
        "date" : 752319459.355076,
        "title" : "Untitled",
        "transform" : [
          0.99602497,
          -1.1017036e-09,
          0.08907449,
          0,
          0.017584177,
          0.9803211,
          -0.19662508,
          0,
          -0.08732161,
          0.1974098,
          0.9764243,
          0,
          -0.22583985,
          0.510561,
          2.525326,
          1
        ]
      }
    ]
  },
  "sceneViewportBackgroundColors" : {

  },
  "selectedSceneRelativePath" : "Ex06.usda"
}