{
  "advancedEditorSelectedIdentifier" : "ProjectBrowser",
  "openSceneRelativePaths" : [
    "ExAdv01.usda"
  ],
  "recentIdentifiers" : {
    "82DC4AF2-611D-459F-AA26-C8D1681990F4" : [

    ],
    "ACAC4535-8279-450C-8A52-4EA9A007CD4E" : [

    ]
  },
  "sceneCameraHistory" : {
    "82DC4AF2-611D-459F-AA26-C8D1681990F4" : [
      {
        "date" : 749386142.295461,
        "title" : "Untitled",
        "transform" : [
          0.9993424,
          -4.196546e-09,
          -0.03625926,
          0,
          -0.0030987342,
          0.9963416,
          -0.085405044,
          0,
          0.036126647,
          0.08546111,
          0.9956864,
          0,
          0.022446215,
          0.05309882,
          0.6186415,
          1
        ]
      },
      {
        "date" : 749386096.230169,
        "title" : "Untitled",
        "transform" : [
          0.99186194,
          -3.677425e-09,
          0.12731816,
          0,
          0.03287376,
          0.96609116,
          -0.25610018,
          0,
          -0.123000905,
          0.25820127,
          0.95822895,
          0,
          -0.07642318,
          0.16042605,
          0.59536844,
          1
        ]
      },
      {
        "date" : 749386080.017953,
        "title" : "Untitled",
        "transform" : [
          0.9845513,
          -2.4747633e-09,
          -0.17509545,
          0,
          -0.024920484,
          0.98981994,
          -0.14012657,
          0,
          0.173313,
          0.14232512,
          0.9745286,
          0,
          0.2068518,
          0.16986732,
          1.1631155,
          1
        ]
      },
      {
        "date" : 749385832.601704,
        "title" : "Untitled",
        "transform" : [
          0.98567396,
          -9.777072e-10,
          -0.16866152,
          0,
          -0.049758554,
          0.955491,
          -0.2907939,
          0,
          0.16115461,
          0.29502016,
          0.9418026,
          0,
          0.19234054,
          0.3521113,
          1.1240566,
          1
        ]
      },
      {
        "date" : 749385684.679804,
        "title" : "Untitled",
        "transform" : [
          0.991533,
          8.1388385e-10,
          -0.12985474,
          0,
          -0.014804705,
          0.9934796,
          -0.11304461,
          0,
          0.12900808,
          0.11400977,
          0.98506784,
          0,
          0.15397313,
          0.1360725,
          1.1756942,
          1
        ]
      },
      {
        "date" : 749385643.671943,
        "title" : "Untitled",
        "transform" : [
          0.9999702,
          8.9408125e-10,
          -0.0077166767,
          0,
          -0.0015834852,
          0.9787186,
          -0.205201,
          0,
          0.007552433,
          0.20520695,
          0.9786895,
          0,
          0.00901398,
          0.24491778,
          1.1680815,
          1
        ]
      },
      {
        "date" : 749384910.348644,
        "title" : "Untitled",
        "transform" : [
          0.9999702,
          8.9408125e-10,
          -0.0077166767,
          0,
          -0.0015834852,
          0.9787186,
          -0.205201,
          0,
          0.007552433,
          0.20520695,
          0.9786895,
          0,
          0.017467394,
          0.4746045,
          2.2635217,
          1
        ]
      },
      {
        "date" : 749384909.063486,
        "title" : "Untitled",
        "transform" : [
          0.99362385,
          -1.5361169e-09,
          0.11274483,
          0,
          0.033955224,
          0.95357096,
          -0.2992482,
          0,
          -0.10751024,
          0.30116832,
          0.9474911,
          0,
          -0.24865055,
          0.69654477,
          2.1913657,
          1
        ]
      },
      {
        "date" : 749384899.37937,
        "title" : "Untitled",
        "transform" : [
          0.91736686,
          9.0379304e-10,
          -0.39804298,
          0,
          -0.06576362,
          0.9862572,
          -0.15156505,
          0,
          0.3925727,
          0.16521733,
          0.90475965,
          0,
          0.90794563,
          0.38211614,
          2.092536,
          1
        ]
      },
      {
        "date" : 749384888.497767,
        "title" : "Untitled",
        "transform" : [
          0.9729183,
          2.1539144e-09,
          -0.23114967,
          0,
          -0.03251711,
          0.99005574,
          -0.13686596,
          0,
          0.228851,
          0.14067556,
          0.96324337,
          0,
          0.5292887,
          0.32535568,
          2.2277975,
          1
        ]
      }
    ],
    "ACAC4535-8279-450C-8A52-4EA9A007CD4E" : [
      {
        "date" : 749312175.842336,
        "title" : "Untitled",
        "transform" : [
          0.85369796,
          -5.150211e-09,
          0.5207683,
          0,
          0.051623367,
          0.9950745,
          -0.08462643,
          0,
          -0.5182032,
          0.09912923,
          0.84949315,
          0,
          -0.39165217,
          0.10139797,
          0.3371244,
          1
        ]
      },
      {
        "date" : 749301445.418735,
        "title" : "Untitled",
        "transform" : [
          0.7363221,
          1.7492405e-09,
          0.67663115,
          0,
          -0.038660366,
          0.9983663,
          0.042070903,
          0,
          -0.6755257,
          -0.057136547,
          0.7351192,
          0,
          -0.4562881,
          0.023531776,
          0.261865,
          1
        ]
      },
      {
        "date" : 749301440.417032,
        "title" : "Untitled",
        "transform" : [
          0.7363221,
          1.7492405e-09,
          0.67663115,
          0,
          -0.038660366,
          0.9983663,
          0.042070903,
          0,
          -0.6755257,
          -0.057136547,
          0.7351192,
          0,
          -0.47954637,
          -0.041362025,
          0.23544832,
          1
        ]
      },
      {
        "date" : 749301438.77042,
        "title" : "Untitled",
        "transform" : [
          0.7363221,
          1.7492405e-09,
          0.67663115,
          0,
          -0.038660366,
          0.9983663,
          0.042070903,
          0,
          -0.6755257,
          -0.057136547,
          0.7351192,
          0,
          -0.48364887,
          -0.041715875,
          0.23746257,
          1
        ]
      },
      {
        "date" : 749301429.92811,
        "title" : "Untitled",
        "transform" : [
          0.7363221,
          1.7492405e-09,
          0.67663115,
          0,
          -0.038660366,
          0.9983663,
          0.042070903,
          0,
          -0.6755257,
          -0.057136547,
          0.7351192,
          0,
          -0.35626346,
          -0.008688533,
          0.388548,
          1
        ]
      },
      {
        "date" : 749301426.394829,
        "title" : "Untitled",
        "transform" : [
          0.7363221,
          1.7492405e-09,
          0.67663115,
          0,
          -0.038660366,
          0.9983663,
          0.042070903,
          0,
          -0.6755257,
          -0.057136547,
          0.7351192,
          0,
          -0.35626346,
          -0.008688533,
          0.388548,
          1
        ]
      },
      {
        "date" : 749301419.223626,
        "title" : "Untitled",
        "transform" : [
          0.9382678,
          -1.7557156e-10,
          0.3459096,
          0,
          -0.030112686,
          0.99620366,
          0.08167962,
          0,
          -0.3445964,
          -0.08705362,
          0.9347058,
          0,
          -0.18161917,
          -0.024495376,
          0.49435198,
          1
        ]
      },
      {
        "date" : 749301413.68389,
        "title" : "Untitled",
        "transform" : [
          0.915817,
          9.652028e-12,
          0.40159574,
          0,
          0.0051616775,
          0.99991745,
          -0.011770922,
          0,
          -0.4015626,
          0.012852918,
          0.91574144,
          0,
          -0.0745155,
          0.009969849,
          0.17046376,
          1
        ]
      },
      {
        "date" : 749301400.718031,
        "title" : "Untitled",
        "transform" : [
          0.99926805,
          -7.666882e-12,
          0.03825472,
          0,
          0.0012565067,
          0.9994604,
          -0.032821756,
          0,
          -0.038234074,
          0.0328458,
          0.9987288,
          0,
          -0.02123958,
          0.04216708,
          0.5719801,
          1
        ]
      },
      {
        "date" : 749301396.795195,
        "title" : "Untitled",
        "transform" : [
          0.9997294,
          1.3472855e-10,
          0.023263175,
          0,
          -0.00444252,
          0.98159623,
          0.19091623,
          0,
          -0.022835044,
          -0.1909679,
          0.9813306,
          0,
          -0.012539994,
          -0.08659607,
          0.5672169,
          1
        ]
      }
    ]
  },
  "sceneViewportBackgroundColors" : {

  },
  "selectedSceneRelativePath" : "ExAdv01.usda"
}